2.83
3.05
3.11
2.93
2.95
2.87
2.66
2.68
2.59
2.48
2.47
2.37
2.29
2.37
2.38
2.3
2.36
2.38
2.43
2.48
2.51
2.61
2.65
2.68
2.75
2.76
2.78
2.9
2.97
2.97
2.88
2.89
2.96
2.9
2.84
2.96
3.18
3.07
3.0
3.11
3.33
3.38
3.34
3.49
3.59
3.46
3.34
3.41
3.48
3.6
3.8
3.93
3.93
3.92
3.97
3.72
3.21
3.09
3.05
2.98
2.88
2.92
2.97
3.2
3.54
3.76
3.8
3.74
3.86
4.02
3.96
3.99
4.12
4.31
4.34
4.4
4.43
4.68
4.53
4.53
4.69
4.72
4.49
4.25
4.28
4.35
4.15
3.9
3.8
3.8
3.89
3.93
3.84
3.84
3.78
3.74
3.78
3.71
3.88
3.92
4.04
3.98
3.92
3.94
4.06
4.08
4.04
3.93
3.84
3.87
3.91
4.01
3.98
3.98
3.93
3.92
3.86
3.83
3.92
3.93
3.97
3.93
3.99
4.02
4.0
4.08
4.11
4.12
4.13
4.17
4.15
4.22
4.23
4.2
4.17
4.19
4.19
4.2
4.19
4.15
4.18
4.19
4.21
4.21
4.2
4.21
4.21
4.2
4.25
4.29
4.35
4.45
4.62
4.61
4.83
4.87
4.75
4.78
4.81
5.02
5.22
5.18
5.01
5.16
4.84
4.58
4.63
4.54
4.59
4.85
5.02
5.16
5.28
5.3
5.48
5.75
5.7
5.53
5.56
5.74
5.64
5.87
5.72
5.5
5.42
5.46
5.58
5.7
6.03
6.04
6.19
6.3
6.17
6.32
6.57
6.72
6.69
7.16
7.1
7.14
7.65
7.79
7.24
7.07
7.39
7.91
7.84
7.46
7.53
7.39
7.33
6.84
6.39
6.24
6.11
5.7
5.83
6.39
6.52
6.73
6.58
6.14
5.93
5.81
5.93
5.95
6.08
6.07
6.19
6.13
6.11
6.11
6.21
6.55
6.48
6.28
6.36
6.46
6.64
6.71
6.67
6.85
6.9
7.13
7.4
7.09
6.79
6.73
6.74
6.99
6.96
7.21
7.51
7.58
7.54
7.81
8.04
8.04
7.9
7.68
7.43
7.5
7.39
7.73
8.23
8.06
7.86
8.06
8.4
8.43
8.14
8.05
8.0
7.74
7.79
7.73
7.56
7.9
7.86
7.83
7.77
7.59
7.41
7.29
6.87
7.21
7.39
7.46
7.37
7.46
7.28
7.33
7.4
7.34
7.52
7.58
7.69
7.96
8.03
8.04
8.15
8.35
8.46
8.64
8.41
8.42
8.64
8.81
9.01
9.1
9.1
9.12
9.18
9.25
8.91
8.95
9.03
9.33
10.3
10.65
10.39
10.8
12.41
12.75
11.47
10.18
9.78
10.25
11.1
11.51
11.75
12.68
12.84
12.57
13.19
13.12
13.68
14.1
13.47
14.28
14.94
15.32
15.15
13.39
13.72
14.59
14.43
13.86
13.87
13.62
14.3
13.95
13.06
12.34
10.91
10.55
10.54
10.46
10.72
10.51
10.4
10.38
10.85
11.38
11.85
11.65
11.54
11.69
11.83
11.67
11.84
12.32
12.63
13.41
13.56
13.36
12.72
12.52
12.16
11.57
11.5
11.38
11.51
11.86
11.43
10.85
10.16
10.31
10.33
10.37
10.24
9.78
9.26
9.19
8.7
7.78
7.3
7.71
7.8
7.3
7.17
7.45
7.43
7.25
7.11
7.08
7.25
7.25
8.02
8.61
8.4
8.45
8.76
9.42
9.52
8.86
8.99
8.67
8.21
8.37
8.72
9.09
8.92
9.06
9.26
8.98
8.8
8.96
9.11
9.09
9.17
9.36
9.18
8.86
8.28
8.02
8.11
8.19
8.01
7.87
7.84
8.21
8.47
8.59
8.79
8.76
8.48
8.47
8.75
8.89
8.72
8.39
8.08
8.09
7.85
8.11
8.04
8.07
8.28
8.27
7.9
7.65
7.53
7.42
7.09
7.03
7.34
7.54
7.48
7.39
7.26
6.84
6.59
6.42
6.59
6.87
6.77
6.6
6.26
5.98
5.97
6.04
5.96
5.81
5.68
5.36
5.33
5.72
5.77
5.75
5.97
6.48
6.97
7.18
7.1
7.3
7.24
7.46
7.74
7.96
7.81
7.78
7.47
7.2
7.06
6.63
6.17
6.28
6.49
6.2
6.04
5.93
5.71
5.65
5.81
6.27
6.51
6.74
6.91
6.87
6.64
6.83
6.53
6.2
6.3
6.58
6.42
6.69
6.89
6.71
6.49
6.22
6.3
6.21
6.03
5.88
5.81
5.54
5.57
5.65
5.64
5.65
5.5
5.46
5.34
4.81
4.53
4.83
4.65
4.72
5.0
5.23
5.18
5.54
5.9
5.79
5.94
5.92
6.11
6.03
6.28
6.66
6.52
6.26
5.99
6.44
6.1
6.05
5.83
5.8
5.74
5.72
5.24
5.16
5.1
4.89
5.14
5.39
5.28
5.24
4.97
4.73
4.57
4.65
5.09
5.04
4.91
5.28
5.21
5.16
4.93
4.65
4.26
3.87
3.94
4.05
4.03
4.05
3.9
3.81
3.96
3.57
3.33
3.98
4.45
4.27
4.29
4.3
4.27
4.15
4.08
3.83
4.35
4.72
4.73
4.5
4.28
4.13
4.1
4.19
4.23
4.22
4.17
4.5
4.34
4.14
4.0
4.18
4.26
4.2
4.46
4.54
4.47
4.42
4.57
4.72
4.99
5.11
5.11
5.09
4.88
4.72
4.73
4.6
4.56
4.76
4.72
4.56
4.69
4.75
5.1
5.0
4.67
4.52
4.53
4.15
4.1
3.74
3.74
3.51
3.68
3.88
4.1
4.01
3.89
3.69
3.81
3.53
2.42
2.52
2.87
2.82
2.93
3.29
3.72
3.56
3.59
3.4
3.39
3.4
3.59
3.73
3.69
3.73
3.85
3.42
3.2
3.01
2.7
2.65
2.54
2.76
3.29
3.39
3.58
3.41
3.46
3.17
3.0
3.0
2.3
1.98
2.15
2.01
1.98
1.97
1.97
2.17
2.05
1.8
1.62
1.53
1.68
1.72
1.75
1.65
1.72
1.91
1.98
1.96
1.76
1.93
2.3
2.58
2.74
2.81
2.62
2.72
2.9
2.86
2.71
2.72
2.71
2.56
2.6
2.54
2.42
2.53
2.3
2.33
2.21
1.88
1.98
2.04
1.94
2.2
2.36
2.32
2.17
2.17
2.07
2.26
2.24
2.09
1.78
1.89
